#m, E
 2004.51 0
2004.53 52
2004.55 53
2004.57 73
2004.59 46
2004.61 77
2004.63 59
2004.65 69
2004.67 62
2004.69 73
2004.71 64
2004.73 90
2004.75 97
2004.77 80
2004.79 113
2004.81 103
2004.83 66
2004.85 108
2004.87 90
2004.89 123
2004.91 106
2004.93 130
2004.95 98
2004.97 135
2004.99 124
2005.01 100
2005.03 105
2005.05 158
2005.07 122
2005.09 148
2005.11 138
2005.13 150
2005.15 115
2005.17 92
2005.19 120
2005.21 131
2005.23 153
2005.25 125
2005.27 155
2005.29 142
2005.31 140
2005.33 152
2005.35 141
2005.37 172
2005.39 181
2005.41 139
2005.43 183
2005.45 144
2005.47 151
2005.49 179
2005.51 146
2005.53 191
2005.55 177
2005.57 161
2005.59 190
2005.61 215
2005.63 158
2005.65 166
2005.67 176
2005.69 159
2005.71 155
2005.73 149
2005.75 193
2005.77 164
2005.79 200
2005.81 212
2005.83 199
2005.85 222
2005.87 186
2005.89 204
2005.91 186
2005.93 222
2005.95 179
2005.97 207
2005.99 183
2006.01 198
2006.03 165
2006.05 205
2006.07 238
2006.09 191
2006.11 245
2006.13 236
2006.15 239
2006.17 242
2006.19 205
2006.21 229
2006.23 231
2006.25 173
2006.27 228
2006.29 224
2006.31 197
2006.33 250
2006.35 230
2006.37 247
2006.39 239
2006.41 238
2006.43 201
2006.45 216
2006.47 240
2006.49 255
2006.51 270
2006.53 263
2006.55 270
2006.57 255
2006.59 249
2006.61 278
2006.63 241
2006.65 237
2006.67 256
2006.69 274
2006.71 245
2006.73 239
2006.75 239
2006.77 297
2006.79 243
2006.81 236
2006.83 287
2006.85 280
2006.87 286
2006.89 246
2006.91 252
2006.93 265
2006.95 258
2006.97 309
2006.99 274
2007.01 292
2007.03 282
2007.05 310
2007.07 303
2007.09 272
2007.11 272
2007.13 256
2007.15 289
2007.17 306
2007.19 337
2007.21 305
2007.23 304
2007.25 289
2007.27 302
2007.29 301
2007.31 311
2007.33 286
2007.35 322
2007.37 337
2007.39 338
2007.41 320
2007.43 319
2007.45 310
2007.47 329
2007.49 289
2007.51 326
2007.53 332
2007.55 328
2007.57 317
2007.59 348
2007.61 352
2007.63 312
2007.65 373
2007.67 358
2007.69 374
2007.71 360
2007.73 416
2007.75 368
2007.77 356
2007.79 390
2007.81 327
2007.83 319
2007.85 356
2007.87 381
2007.89 352
2007.91 340
2007.93 384
2007.95 392
2007.97 374
2007.99 424
2008.01 391
2008.03 420
2008.05 346
2008.07 382
2008.09 387
2008.11 360
2008.13 434
2008.15 383
2008.17 406
2008.19 444
2008.21 387
2008.23 441
2008.25 408
2008.27 430
2008.29 440
2008.31 465
2008.33 449
2008.35 410
2008.37 397
2008.39 462
2008.41 453
2008.43 447
2008.45 482
2008.47 473
2008.49 461
2012.51 0
2012.53 528
2012.55 608
2012.57 564
2012.59 542
2012.61 601
2012.63 590
2012.65 544
2012.67 582
2012.69 488
2012.71 589
2012.73 553
2012.75 575
2012.77 586
2012.79 533
2012.81 516
2012.83 561
2012.85 627
2012.87 540
2012.89 524
2012.91 567
2012.93 584
2012.95 557
2012.97 523
2012.99 525
2013.01 593
2013.03 542
2013.05 560
2013.07 564
2013.09 562
2013.11 568
2013.13 500
2013.15 513
2013.17 519
2013.19 563
2013.21 536
2013.23 583
2013.25 581
2013.27 531
2013.29 473
2013.31 542
2013.33 570
2013.35 539
2013.37 557
2013.39 545
2013.41 520
2013.43 544
2013.45 535
2013.47 519
2013.49 518
2013.51 559
2013.53 509
2013.55 561
2013.57 515
2013.59 514
2013.61 514
2013.63 560
2013.65 503
2013.67 570
2013.69 563
2013.71 514
2013.73 508
2013.75 553
2013.77 466
2013.79 580
2013.81 494
2013.83 486
2013.85 543
2013.87 550
2013.89 544
2013.91 511
2013.93 582
2013.95 513
2013.97 559
2013.99 569
2014.01 536
2014.03 517
2014.05 471
2014.07 555
2014.09 579
2014.11 589
2014.13 516
2014.15 493
2014.17 485
2014.19 530
2014.21 511
2014.23 533
2014.25 490
2014.27 552
2014.29 516
2014.31 549
2014.33 470
2014.35 464
2014.37 497
2014.39 565
2014.41 464
2014.43 480
2014.45 543
2014.47 482
2014.49 499
2014.51 514
2014.53 485
2014.55 525
2014.57 526
2014.59 483
2014.61 526
2014.63 468
2014.65 450
2014.67 499
2014.69 453
2014.71 499
2014.73 471
2014.75 509
2014.77 526
2014.79 477
2014.81 534
2014.83 506
2014.85 530
2014.87 469
2014.89 521
2014.91 481
2014.93 513
2014.95 477
2014.97 509
2014.99 473
2015.01 470
2015.03 508
2015.05 521
2015.07 532
2015.09 502
2015.11 497
2015.13 513
2015.15 513
2015.17 557
2015.19 477
2015.21 500
2015.23 498
2015.25 566
2015.27 538
2015.29 493
2015.31 549
2015.33 511
2015.35 480
2015.37 512
2015.39 465
2015.41 513
2015.43 511
2015.45 473
2015.47 488
2015.49 445
2015.51 514
2015.53 571
2015.55 546
2015.57 485
2015.59 479
2015.61 497
2015.63 579
2015.65 538
2015.67 508
2015.69 501
2015.71 474
2015.73 525
2015.75 530
2015.77 527
2015.79 527
2015.81 516
2015.83 544
2015.85 519
2015.87 516
2015.89 495
2015.91 509
2015.93 514
2015.95 507
2015.97 557
2015.99 522
2016.01 473
2016.03 481
2016.05 514
2016.07 505
2016.09 538
2016.11 521
2016.13 503
2016.15 531
2016.17 542
2016.19 530
2016.21 486
2016.23 493
2016.25 482
2016.27 494
2016.29 524
2016.31 461
2016.33 525
2016.35 531
2016.37 531
2016.39 530
2016.41 509
2016.43 553
2016.45 486
2016.47 528
2016.49 530
2016.51 531
2016.53 559
2016.55 524
2016.57 576
2016.59 536
2016.61 532
2016.63 512
2016.65 504
2016.67 494
2016.69 537
2016.71 553
2016.73 492
2016.75 479
2016.77 483
2016.79 550
2016.81 546
2016.83 486
2016.85 542
2016.87 467
2016.89 492
2016.91 560
2016.93 518
2016.95 517
2016.97 561
2016.99 486
2017.01 523
2017.03 480
2017.05 495
2017.07 474
2017.09 457
2017.11 497
2017.13 461
2017.15 495
2017.17 517
2017.19 481
2017.21 527
2017.23 546
2017.25 541
2017.27 500
2017.29 509
2017.31 528
2017.33 517
2017.35 540
2017.37 635
2017.39 542
2017.41 513
2017.43 500
2017.45 590
2017.47 578
2017.49 469
2017.51 518
2017.53 509
2017.55 539
2017.57 539
2017.59 539
2017.61 532
2017.63 478
2017.65 550
2017.67 504
2017.69 498
2017.71 487
2017.73 538
2017.75 550
2017.77 478
2017.79 545
2017.81 500
2017.83 536
2017.85 551
2017.87 524
2017.89 533
2017.91 511
2017.93 555
2017.95 533
2017.97 483
2017.99 538
2018.01 511
2018.03 529
2018.05 509
2018.07 568
2018.09 493
2018.11 552
2018.13 544
2018.15 530
2018.17 521
2018.19 569
2018.21 554
2018.23 473
2018.25 552
2018.27 624
2018.29 530
2018.31 559
2018.33 478
2018.35 533
2018.37 555
2018.39 507
2018.41 534
2018.43 591
2018.45 465
2018.47 535
2018.49 551
2018.51 500
2018.53 499
2018.55 487
2018.57 551
2018.59 533
2018.61 535
2018.63 581
2018.65 563
2018.67 546
2018.69 588
2018.71 579
2018.73 525
2018.75 524
2018.77 536
2018.79 538
2018.81 506
2018.83 534
2018.85 556
2018.87 533
2018.89 555
2018.91 542
2018.93 585
2018.95 538
2018.97 584
2018.99 550
2019.01 505
2019.03 546
2019.05 505
2019.07 513
2019.09 546
2019.11 557
2019.13 545
2019.15 565
2019.17 567
2019.19 545
2019.21 508
2019.23 555
2019.25 583
2019.27 536
2019.29 575
2019.31 490
2019.33 572
2019.35 543
2019.37 579
2019.39 549
2019.41 516
2019.43 569
2019.45 523
2019.47 569
2019.49 572
2019.51 549
2019.53 592
2019.55 619
2019.57 508
2019.59 524
2019.61 582
2019.63 505
2019.65 535
2019.67 517
2019.69 540
2019.71 541
2019.73 600
2019.75 542
2019.77 515
2019.79 548
2019.81 601
2019.83 537
2019.85 529
2019.87 524
2019.89 515
2019.91 557
2019.93 530
2019.95 568
2019.97 556
2019.99 579
